916098885502513203
833055286540894219
962075453491937450
731675756903792690
1114111429394579496
882754213522862112
994093829386948688
835639858915573760
1019463531529240657
888819611531886603
937754846919024662
1064320596235780237
1029092746360803458
940006405837041746
1064367125365522444
899505298438520902
882868513579106325
1000501528626483283
1072638623469551666
882726056640012418
866907827297452032
885048159313743872
488057239240704000
494424783006466048
752041185115373689
934593942228451369
770098521973063720
689633039650652176
882771691640619029
510201003476385812
744711012909056040
433080296057864192
352112573224714240
949262531820679188
760251840204898354
883417900919173141
688948915487113311
100743962859425792
179040652879855616
424393596465184768
898350019571232779
974008591755407370
735620315111096391
644426120371896320
791129534925504572
1129468214317944954
805138123381669956
983061121558790306
470306311880572928
784902200102354985
749428255093686302
502613901419216897
1010624537114705991
945906940867928104
500167574399614978
147947446494822400
894761839810994206
762378901011038209
805258996180844594
724847758497939518
750570088364769360
761677511599849533
871028424658006036
786701065856221205
979272626243506227
716407901526294539
882164911961165864
1013573012513116301
732652535969742980
1011403357543469106
941152411232395364
674021877785559081
1069400718022299781
830268494708867112
853509478142181376
654155707637170176
813266538144071680
882707591665446942
553321337616334849
1014381145309327380
1011418215462736012
960959692245438524
960959692245438524
895885873164468275
1014735293309530113
1012586153582534716
882732843510415360
916228513093287977
893195095254368276
689932470891577435
621219894188441602
1019427638462382080
899421096053452861
778878031141666826
756364636428828682
766107611669856266
1016231778735894558
